ASC_AC = 0.3425786867578653
ASC_TR = 1.441536499445977
B_AIVTT = -0.009660835827901499
B_DIST = -0.01108404284395635
B_TPTT = -0.0011734064683753928
