ASC_AC = 2.1230699244043068e-18
ASC_TR = 4.328377745120689e-17
B_AIVTT = 0.9499999999999982
B_DIST = -0.049999999999999725
B_TPTT = -0.04999999999998693
