ASC_AC = -3.1692170315216517e-18
ASC_TR = 4.3433743352575847e-17
B_AIVTT = 0.9499999999999982
B_DIST = -0.0005000000000003149
B_TPTT = -0.049999999999986916
