ASC_AC = -1.7391198712879953e-18
ASC_TR = 3.8874920227601004e-18
B_AIVTT = 0.33250020856269996
B_DIST = -0.00010000000000009569
B_TPTT = -0.0009999999999987376
