ASC_AC = 0.5232946930096823
ASC_TR = 1.5554164707717997
B_AUCOST = 0.01869547340121452
B_TIME = -0.0002651737551856428
B_TRCOST = 0.01492614116301755
