ASC_AC = 0.43660313657081457
ASC_TR = 1.3269305933812543
B_AIVTT = -0.0019057170176546973
B_AUCOST = 0.032890568799869756
B_DIST = -0.0018802704877929279
B_TPTT = -0.0009656874412677421
B_TRCOST = 0.07867084397988074
