ASC_MI = 1.127704217722808
ASC_OC = 0.22528315873247184
ASC_RY = 2.3368461009349435
ASC_SC = 1.4329511237317094
ASC_SG = 2.562213484824791
ASC_YK = 2.2406784793181895
B_DIST = -0.06643928034247043
