ASC_MCB = -4.259450181819565
ASC_MCM = 4.7220229219677305
ASC_MI = -1.5146569577024764
ASC_OC = -2.2568829131267076
ASC_OTD = -2.2111124322634086
ASC_OTN = -0.9153023956163333
ASC_RY = -0.07027618051703054
ASC_SC = -1.1894372955250634
ASC_YG = -3.2238464553402086
ASC_YK = -0.5745247317480763
B_DIST = -0.03876644516833464
B_FAM_DIST = -0.004683149024193888
