ASC_CDS = 0.11739258529134569
ASC_CDV = 1.4763045474865695
ASC_CMO = 8.174621367381476
ASC_MCB = 3.3300757835966923
ASC_MCM = 15.632366754007586
ASC_OTD = 8.248912736732823
ASC_OTN = 9.617905338984018
B_DIST = -0.04184324424260332
B_FAM_DIST = -0.0028790322310169526
NEST_UNI = 1.0
