ASC_MI = -0.20005244673814168
ASC_OC = 0.2104919275725693
ASC_RY = -0.04767405900706797
ASC_SC = 0.22937345591154595
ASC_YG = 0.42316387974370234
ASC_YK = -0.11353440146674226
B_DIST = -0.13767327091391085
B_FAM_DIST = 0.07244202672826623
