B_DIST = -0.13475000404502052
B_FAM_DIST = 0.06520057534791564
