ASC_MI = 0.2011806898377365
ASC_OC = 0.06357656413189902
ASC_RY = 0.06470721849183579
ASC_SC = 0.3618409607319917
ASC_YG = 0.20797003569327974
ASC_YK = 0.2374327087295077
B_CLOSEST_SCHOOL = 0.0
B_DIST = -0.13582354467887925
B_FAM_DIST = 0.07077240285997809
