ASC_AC = 3.9736457861068675
ASC_TR = 2.0245197706235736
B_AIVTT = -0.009997004080086466
B_DIST = -0.4733131182115226
B_TPTT = -0.0042960429603108525
