ASC_MI = -0.9940450058108096
ASC_OC = 1.3368900687879448
ASC_RY = 2.262403905323657
ASC_SC = -0.8208688338093428
ASC_SG = 4.073648936775512
ASC_YK = 3.4505300315628094
B_DIST = -0.07472845986524229
