ASC_MI = 1.7376000372121754
ASC_OC = 0.46439685584379764
ASC_RY = 2.001258897984494
ASC_SC = 1.7353126664843652
ASC_SG = 4.232908672531206
ASC_YK = 3.6120286313064063
B_DIST = -0.09691347926888996
