ASC_MI = 0.8311305937294807
ASC_OC = -0.04318544877591655
ASC_RY = 1.3938869106269618
ASC_SC = 1.1524167857902707
ASC_SG = 2.6231425700670705
ASC_YK = 2.401966605144054
B_DIST = -0.1416247791937631
