ASC_MI = -23.648202141891144
ASC_OC = 1.070241621979442
ASC_RY = 1.7621734689107298
ASC_SC = -0.6853248835271843
ASC_SG = 3.6675031307609776
ASC_YK = 2.8794512483816144
B_DIST = -0.06057001982445267
