ASC_MI = 1.4306422417985158
ASC_OC = 0.13745794066967879
ASC_RY = 2.122955654003569
ASC_SC = 1.4288596525464885
ASC_SG = 3.909401690970123
ASC_YK = 3.294120436008655
B_DIST = -0.09848167890960777
