ASC_MI = 0.9862363648087322
ASC_OC = 0.24439395110133988
ASC_RY = 2.0824920415738783
ASC_SC = 1.3076264151221144
ASC_SG = 2.7620548199434247
ASC_YK = 2.2629228722966594
B_DIST = -0.09071291926092792
