ASC_AC = 3.713616099299968
ASC_TR = 2.2269170355634125
B_AIVTT = -0.0421559938688518
B_AUCOST = -0.0028864924255705615
B_DIST = -0.5049477311550403
B_TPTT = -0.005818828588622285
B_TRCOST = -0.2357252258545663
